891,810,1095,810,1095,853,891,853
812,454,1011,454,1011,492,812,492
872,169,1049,169,1049,203,872,203
495,1346,762,1346,762,1390,495,1390
516,829,740,829,740,872,516,872
859,56,1055,56,1055,98,859,98
691,396,887,396,887,432,691,432
737,424,952,424,952,464,737,464
920,378,1114,378,1114,412,920,412
974,144,1081,144,1081,161,974,161
791,487,989,487,989,523,791,523
780,359,908,359,908,383,780,383
903,640,1138,640,1138,694,903,694
805,121,977,121,977,154,805,154
921,789,1136,789,1136,822,921,822
705,279,890,279,890,317,705,317
872,87,1045,87,1045,118,872,118
1132,675,1342,675,1342,713,1132,713
885,310,1096,310,1096,352,885,352
896,666,1109,666,1109,709,896,709
639,623,844,623,844,664,639,664
1024,782,1235,782,1235,820,1024,820
778,562,982,562,982,599,778,599
841,333,1028,333,1028,368,841,368
1038,642,1238,642,1238,680,1038,680
714,459,908,459,908,494,714,494
886,726,1100,726,1100,764,886,764
620,997,813,997,813,1042,620,1042
772,81,951,81,951,115,772,115
701,337,892,337,892,376,701,376
999,475,1194,475,1194,515,999,515
1096,473,1322,473,1322,517,1096,517
1079,216,1259,216,1259,252,1079,252
800,277,986,277,986,314,800,314
837,185,1045,185,1045,226,837,226
433,629,646,629,646,664,433,664
941,106,1116,106,1116,137,941,137
712,793,956,793,956,836,712,836
712,209,893,209,893,245,712,245
397,372,596,372,596,412,397,412
820,69,993,69,993,106,820,106
786,658,997,658,997,696,786,696
623,149,799,149,799,182,623,182
1058,177,1262,177,1262,219,1058,219
508,274,700,274,700,312,508,312
802,525,998,525,998,559,802,559
898,704,1109,704,1109,747,898,747
801,532,1045,532,1045,572,801,572
644,725,860,725,860,764,644,764
728,819,946,819,946,863,728,863
837,218,1018,218,1018,251,837,251
589,420,784,420,784,453,589,453
625,633,832,633,832,674,625,674
795,148,969,148,969,183,795,183
1012,11,1175,11,1175,63,1012,63
797,716,1032,716,1032,766,797,766
788,698,999,698,999,738,788,738
809,542,1035,542,1035,586,809,586
1012,234,1191,234,1191,266,1012,266
964,168,1168,168,1168,210,964,210
761,672,970,672,970,709,761,709
914,326,1118,326,1118,361,914,361
967,598,1198,598,1198,645,967,645
782,535,992,535,992,574,782,574
812,382,1008,382,1008,420,812,420
1007,586,1234,586,1234,633,1007,633
1647,944,1868,944,1868,1000,1647,1000
823,456,1021,456,1021,495,823,495
1198,992,1433,992,1433,1035,1198,1035
-1,209,157,209,157,243,-1,243
858,40,1041,40,1041,73,858,73
539,169,721,169,721,202,539,202
899,839,1159,839,1159,885,899,885
527,391,743,391,743,432,527,432
801,398,996,398,996,435,801,435
921,218,1096,218,1096,250,921,250
776,34,948,34,948,67,776,67
950,726,1165,726,1165,767,950,767
897,422,1116,422,1116,467,897,467
771,413,964,413,964,448,771,448
696,780,939,780,939,825,696,825
475,666,691,666,691,705,475,705
537,803,757,803,757,845,537,845
804,912,1056,912,1056,962,804,962
909,764,1129,764,1129,803,909,803
826,241,1020,241,1020,279,826,279
972,265,1150,265,1150,299,972,299
802,417,994,417,994,458,802,458
927,310,1116,310,1116,350,927,350
833,125,1006,125,1006,160,833,160
711,131,915,131,915,170,711,170
651,591,850,591,850,627,651,627
80,606,297,606,297,647,80,647
711,634,906,634,906,680,711,680
630,332,820,332,820,365,630,365
799,730,1013,730,1013,770,799,770
1154,736,1370,736,1370,779,1154,779
694,135,865,135,865,159,694,159
845,96,1014,96,1014,132,845,132
860,15,1026,15,1026,48,860,48
491,832,720,832,720,871,491,871
855,277,1038,277,1038,311,855,311
862,19,1063,19,1063,60,862,60
687,682,899,682,899,720,687,720
1137,544,1327,544,1327,613,1137,613
664,697,874,697,874,738,664,738
852,31,1046,31,1046,67,852,67
770,790,1002,790,1002,830,770,830
560,362,758,362,758,400,560,400
805,793,1024,793,1024,838,805,838
705,433,903,433,903,468,705,468
678,573,881,573,881,610,678,610
820,823,1037,823,1037,860,820,860
645,301,755,301,755,325,645,325
883,777,1099,777,1099,814,883,814
787,267,968,267,968,302,787,302
862,117,1042,117,1042,147,862,147
1025,728,1244,728,1244,767,1025,767
8,501,220,501,220,537,8,537
729,894,954,894,954,938,729,938
709,746,917,746,917,782,709,782
544,616,746,616,746,657,544,657
746,281,955,281,955,321,746,321
588,295,773,295,773,329,588,329
1045,640,1278,640,1278,679,1045,679
1070,362,1265,362,1265,397,1070,397
466,340,654,340,654,373,466,373
948,176,1125,176,1125,210,948,210
871,157,1045,157,1045,189,871,189
948,42,1119,42,1119,78,948,78
827,364,1025,364,1025,401,827,401
832,443,1047,443,1047,483,832,483
774,517,973,517,973,555,774,555
1626,584,1871,584,1871,628,1626,628
903,366,1119,366,1119,405,903,405
1016,660,1224,660,1224,700,1016,700
682,202,863,202,863,236,682,236
563,187,754,187,754,225,563,225
771,777,985,777,985,815,771,815
1221,912,1477,912,1477,955,1221,955
778,821,996,821,996,863,778,863
865,273,1051,273,1051,307,865,307
873,983,1128,983,1128,1031,873,1031
950,696,1186,696,1186,746,950,746
569,488,769,488,769,526,569,526
794,96,990,96,990,133,794,133
739,655,965,655,965,696,739,696
741,98,914,98,914,133,741,133
723,820,962,820,962,862,723,862
859,682,1077,682,1077,721,859,721
774,967,1030,967,1030,1013,774,1013
670,377,867,377,867,414,670,414
779,815,1040,815,1040,862,779,862
728,893,972,893,972,933,728,933
723,500,922,500,922,537,723,537
534,225,721,225,721,258,534,258
702,822,926,822,926,866,702,866
796,486,993,486,993,522,796,522
897,778,1114,778,1114,820,897,820
713,26,880,26,880,59,713,59
1334,718,1555,718,1555,758,1334,758
857,648,1066,648,1066,687,857,687
734,129,905,129,905,161,734,161
769,227,949,227,949,258,769,258
907,32,1077,32,1077,67,907,67
36,366,245,366,245,401,36,401
813,384,1029,384,1029,427,813,427
643,1250,860,1250,860,1293,643,1293
426,871,782,871,782,945,426,945
827,477,1024,477,1024,514,827,514
772,781,982,781,982,821,772,821
795,853,1022,853,1022,893,795,893
1200,798,1443,798,1443,846,1200,846
754,501,952,501,952,540,754,540
577,49,747,49,747,81,577,81
803,574,1030,574,1030,616,803,616
861,556,1067,556,1067,593,861,593
808,668,1017,668,1017,707,808,707
918,589,1127,589,1127,631,918,631
687,626,896,626,896,664,687,664
1700,578,1909,578,1909,617,1700,617
407,872,632,872,632,916,407,916
1029,255,1213,255,1213,291,1029,291
411,654,619,654,619,696,411,696
1695,419,1905,419,1905,462,1695,462
779,637,1012,637,1012,682,779,682
1295,487,1524,487,1524,530,1295,530
949,520,1145,520,1145,560,949,560
721,191,904,191,904,225,721,225
716,194,899,194,899,229,716,229
1162,960,1424,960,1424,1007,1162,1007
1365,746,1610,746,1610,788,1365,788
752,427,946,427,946,463,752,463
709,354,903,354,903,391,709,391
765,527,959,527,959,571,765,571
905,206,1107,206,1107,249,905,249
828,632,1040,632,1040,670,828,670
773,248,981,248,981,287,773,287
432,1168,706,1168,706,1225,432,1225
849,155,1052,155,1052,198,849,198
809,772,1048,772,1048,815,809,815
753,279,942,279,942,317,753,317
1158,72,1368,72,1368,133,1158,133
809,279,994,279,994,315,809,315
905,695,1140,695,1140,737,905,737
820,713,1059,713,1059,754,820,754
756,655,963,655,963,698,756,698
755,202,933,202,933,237,755,237
977,211,1158,211,1158,243,977,243
795,116,972,116,972,147,795,147
656,94,828,94,828,126,656,126
568,186,746,186,746,219,568,219
865,153,1042,153,1042,186,865,186
1012,274,1202,274,1202,308,1012,308
821,645,1029,645,1029,681,821,681
831,245,1017,245,1017,280,831,280
1034,163,1237,163,1237,202,1034,202
684,891,911,891,911,935,684,935
695,444,916,444,916,485,695,485
1005,560,1206,560,1206,600,1005,600
757,158,939,158,939,190,757,190
803,257,983,257,983,291,803,291
654,469,850,469,850,505,654,505
899,813,1144,813,1144,861,899,861
881,716,1117,716,1117,760,881,760
1014,584,1078,584,1078,609,1014,609
902,36,1074,36,1074,69,902,69
663,176,838,176,838,211,663,211
1033,636,1266,636,1266,683,1033,683
812,1238,1092,1238,1092,1283,812,1283
878,463,1073,463,1073,501,878,501
888,791,1136,791,1136,849,888,849
789,667,997,667,997,706,789,706
923,114,1093,114,1093,143,923,143
882,802,1102,802,1102,839,882,839
449,419,644,419,644,452,449,452
781,394,975,394,975,431,781,431
875,264,1082,264,1082,309,875,309
844,695,1053,695,1053,732,844,732
617,425,812,425,812,460,617,460
1188,630,1421,630,1421,676,1188,676
1016,271,1197,271,1197,307,1016,307
831,299,1019,299,1019,333,831,333
639,278,827,278,827,313,639,313
521,649,749,649,749,689,521,689
678,914,912,914,912,950,678,950
783,441,979,441,979,480,783,480
965,74,1136,74,1136,105,965,105
795,1009,1030,1009,1030,1056,795,1056
714,472,914,472,914,509,714,509
686,819,911,819,911,859,686,859
714,277,928,277,928,318,714,318
864,392,1052,392,1052,428,864,428
874,196,1054,196,1054,231,874,231
654,143,832,143,832,176,654,176
968,692,1206,692,1206,734,968,734
920,21,1110,21,1110,59,920,59
471,927,718,927,718,969,471,969
740,535,977,535,977,581,740,581
1310,181,1489,181,1489,223,1310,223
375,453,574,453,574,490,375,490
843,-2,1010,-2,1010,28,843,28
671,660,879,660,879,699,671,699
809,483,1006,483,1006,517,809,517
1643,728,1895,728,1895,775,1643,775
712,116,883,116,883,150,712,150
1072,667,1318,667,1318,707,1072,707
789,721,1030,721,1030,764,789,764
605,526,808,526,808,563,605,563
833,329,1057,329,1057,373,833,373
984,590,1216,590,1216,637,984,637
950,297,1135,297,1135,333,950,333
1125,1125,1396,1125,1396,1170,1125,1170
938,933,1152,933,1152,983,938,983
730,308,918,308,918,344,730,344
833,449,1027,449,1027,486,833,486
876,451,1076,451,1076,482,876,482
910,225,1026,225,1026,243,910,243
581,1230,795,1230,795,1287,581,1287
1343,442,1571,442,1571,489,1343,489
1380,524,1559,524,1559,547,1380,547
875,33,1037,33,1037,73,875,73
737,151,917,151,917,187,737,187
971,7,1137,7,1137,38,971,38
515,587,743,587,743,623,515,623
630,306,844,306,844,348,630,348
838,409,1035,409,1035,447,838,447
1484,687,1759,687,1759,741,1484,741
1543,742,1690,742,1690,755,1543,755
956,990,1187,990,1187,1031,956,1031
946,6,1110,6,1110,35,946,35
855,295,1039,295,1039,325,855,325
909,252,1098,252,1098,286,909,286
569,993,797,993,797,1045,569,1045
827,13,998,13,998,44,827,44
1158,747,1374,747,1374,786,1158,786
811,691,1024,691,1024,729,811,729
943,154,1136,154,1136,194,943,194
885,30,1051,30,1051,63,885,63
649,392,841,392,841,429,649,429
854,169,1035,169,1035,202,854,202
837,76,1008,76,1008,107,837,107
968,703,1200,703,1200,747,968,747
900,713,1139,713,1139,759,900,759
1408,551,1640,551,1640,597,1408,597
829,330,1026,330,1026,365,829,365
990,567,1193,567,1193,605,990,605
867,212,1044,212,1044,243,867,243
1099,477,1326,477,1326,522,1099,522
645,714,870,714,870,746,645,746
798,376,986,376,986,411,798,411
974,126,1145,126,1145,163,974,163
643,237,827,237,827,270,643,270
787,900,1007,900,1007,940,787,940
643,906,872,906,872,949,643,949
1022,111,1210,111,1210,149,1022,149
829,168,1008,168,1008,200,829,200
865,430,1069,430,1069,469,865,469
861,161,1064,161,1064,201,861,201
922,1061,1173,1061,1173,1103,922,1103
922,218,1125,218,1125,262,922,262
946,119,1143,119,1143,155,946,155
819,447,1053,447,1053,490,819,490
797,661,1005,661,1005,694,797,694
795,152,993,152,993,193,795,193
584,450,783,450,783,488,584,488
791,577,994,577,994,616,791,616
737,464,936,464,936,500,737,500
732,473,935,473,935,512,732,512
577,1184,820,1184,820,1228,577,1228
715,412,904,412,904,452,715,452
1002,454,1200,454,1200,492,1002,492
771,473,958,473,958,506,771,506
856,761,1098,761,1098,805,856,805
924,840,1201,840,1201,895,924,895
926,550,1168,550,1168,595,926,595
837,83,1032,83,1032,126,837,126
833,925,1062,925,1062,966,833,966
615,618,822,618,822,658,615,658
791,1049,1020,1049,1020,1095,791,1095
234,588,446,588,446,627,234,627
1018,834,1265,834,1265,878,1018,878
667,489,864,489,864,526,667,526
895,-8,1002,-8,1002,31,895,31
337,460,536,460,536,492,337,492
1267,190,1469,190,1469,232,1267,232
973,952,1202,952,1202,994,973,994
820,153,1003,153,1003,186,820,186
797,306,956,306,956,342,797,342
1030,641,1235,641,1235,677,1030,677
598,537,829,537,829,579,598,579
735,485,932,485,932,520,735,520
855,259,961,259,961,287,855,287
638,299,832,299,832,336,638,336
922,757,1162,757,1162,801,922,801
877,53,1071,53,1071,92,877,92
727,265,934,265,934,303,727,303
830,351,1044,351,1044,391,830,391
737,958,972,958,972,1006,737,1006
885,657,1094,657,1094,696,885,696
888,230,1068,230,1068,262,888,262
899,69,1012,69,1012,93,899,93
888,610,1093,610,1093,648,888,648
716,799,925,799,925,853,716,853
604,103,778,103,778,138,604,138
654,366,867,366,867,405,654,405
575,239,692,239,692,278,575,278
1024,16,1198,16,1198,62,1024,62
1260,532,1486,532,1486,573,1260,573
1036,634,1267,634,1267,674,1036,674
926,466,1131,466,1131,506,926,506
675,968,905,968,905,1011,675,1011
989,622,1201,622,1201,660,989,660
573,78,749,78,749,111,573,111
940,17,1143,17,1143,53,940,53
877,842,1122,842,1122,885,877,885
844,473,1043,473,1043,510,844,510
723,202,929,202,929,244,723,244
995,620,1203,620,1203,661,995,661
616,917,854,917,854,959,616,959
985,589,1190,589,1190,628,985,628
901,622,1127,622,1127,663,901,663
982,552,1209,552,1209,596,982,596
972,237,1180,237,1180,288,972,288
828,753,1045,753,1045,791,828,791
800,697,1011,697,1011,737,800,737
1017,193,1189,193,1189,227,1017,227
957,443,1151,443,1151,480,957,480
846,547,1051,547,1051,583,846,583
709,709,929,709,929,750,709,750
932,759,1167,759,1167,804,932,804
740,179,915,179,915,211,740,211
742,682,983,682,983,727,742,727
696,656,902,656,902,691,696,691
944,611,1174,611,1174,656,944,656
840,731,1040,731,1040,774,840,774
987,195,1169,195,1169,231,987,231
880,889,1138,889,1138,934,880,934
1199,741,1441,741,1441,786,1199,786
1005,620,1233,620,1233,664,1005,664
883,46,1075,46,1075,85,883,85
787,928,1040,928,1040,978,787,978
1639,560,1874,560,1874,607,1639,607
727,436,919,436,919,473,727,473
654,295,845,295,845,334,654,334
885,475,1104,475,1104,519,885,519
794,760,1010,760,1010,801,794,801
502,1184,776,1184,776,1245,502,1245
859,744,1075,744,1075,787,859,787
653,972,920,972,920,1021,653,1021
907,517,1109,517,1109,559,907,559
746,34,941,34,941,74,746,74
727,291,911,291,911,325,727,325
822,687,1025,687,1025,732,822,732
1211,619,1443,619,1443,666,1211,666
822,0,984,0,984,32,822,32
952,516,1149,516,1149,553,952,553
907,682,1145,682,1145,726,907,726
917,90,1086,90,1086,123,917,123
676,958,906,958,906,998,676,998
687,330,900,330,900,367,687,367
735,464,929,464,929,498,735,498
665,92,775,92,775,110,665,110
728,748,942,748,942,787,728,787
794,518,994,518,994,553,794,553
823,263,1007,263,1007,297,823,297
769,475,990,475,990,517,769,517
810,208,986,208,986,242,810,242
757,584,955,584,955,618,757,618
837,339,1047,339,1047,376,837,376
596,636,802,636,802,671,596,671
739,1053,1002,1053,1002,1103,739,1103
832,682,1046,682,1046,720,832,720
1091,465,1281,465,1281,500,1091,500
273,614,490,614,490,657,273,657
697,272,894,272,894,312,697,312
699,721,909,721,909,757,699,757
852,840,1076,840,1076,881,852,881
1572,346,1768,346,1768,379,1572,379
919,359,1109,359,1109,394,919,394
612,1248,732,1248,732,1303,612,1303
1007,711,1244,711,1244,755,1007,755
899,36,1068,36,1068,69,899,69
851,205,1029,205,1029,238,851,238
549,608,763,608,763,645,549,645
840,789,1049,789,1049,828,840,828
757,839,1003,839,1003,889,757,889
996,832,1201,832,1201,877,996,877
781,586,991,586,991,624,781,624
900,111,1098,111,1098,154,900,154
811,568,1058,568,1058,620,811,620
1261,185,1372,185,1372,209,1261,209
909,644,1119,644,1119,684,909,684
1137,38,1332,38,1332,83,1137,83
714,336,924,336,924,379,714,379
767,733,974,733,974,773,767,773
780,647,983,647,983,685,780,685
808,275,994,275,994,310,808,310
670,1082,936,1082,936,1131,670,1131
828,111,1000,111,1000,142,828,142
765,166,945,166,945,202,765,202
1024,619,1232,619,1232,664,1024,664
749,962,980,962,980,1001,749,1001
671,418,786,418,786,444,671,444
66,672,286,672,286,710,66,710
520,809,737,809,737,840,520,840
841,324,1029,324,1029,359,841,359
857,671,1045,671,1045,715,857,715
948,300,1132,300,1132,333,948,333
1215,615,1450,615,1450,662,1215,662
568,523,796,523,796,568,568,568
315,594,531,594,531,633,315,633
749,633,981,633,981,678,749,678
776,338,971,338,971,375,776,375
875,146,1077,146,1077,187,875,187
644,634,854,634,854,673,644,673
589,424,807,424,807,468,589,468
877,271,1067,271,1067,308,877,308
856,545,1063,545,1063,582,856,582
769,451,990,451,990,495,769,495
1032,666,1269,666,1269,710,1032,710
732,391,955,391,955,435,732,435
675,347,880,347,880,387,675,387
823,648,1033,648,1033,687,823,687
718,1044,952,1044,952,1091,718,1091
642,351,837,351,837,389,642,389
769,794,989,794,989,837,769,837
811,631,1016,631,1016,671,811,671
882,233,1069,233,1069,270,882,270
793,552,1020,552,1020,599,793,599
792,752,1045,752,1045,796,792,796
870,130,1069,130,1069,165,870,165
723,646,930,646,930,692,723,692
858,165,1057,165,1057,205,858,205
1067,103,1261,103,1261,141,1067,141
565,549,794,549,794,596,565,596
1035,116,1205,116,1205,151,1035,151
700,413,932,413,932,455,700,455
711,594,940,594,940,639,711,639
830,370,1019,370,1019,403,830,403
703,680,909,680,909,722,703,722
899,434,1119,434,1119,477,899,477
836,358,1050,358,1050,400,836,400
853,288,1037,288,1037,321,853,321
840,751,1054,751,1054,791,840,791
753,76,930,76,930,111,753,111
772,172,956,172,956,206,772,206
916,611,1116,611,1116,648,916,648
624,507,850,507,850,550,624,550
847,696,1083,696,1083,742,847,742
706,200,913,200,913,242,706,242
923,584,1133,584,1133,623,923,623
597,676,811,676,811,714,597,714
959,556,1162,556,1162,594,959,594
101,694,325,694,325,733,101,733
722,406,945,406,945,450,722,450
824,778,1038,778,1038,816,824,816
733,684,1015,684,1015,700,733,700
779,761,916,761,916,773,779,773
754,1131,1000,1131,1000,1173,754,1173
778,283,995,283,995,324,778,324
963,73,1159,73,1159,113,963,113
831,301,1012,301,1012,334,831,334
886,200,1063,200,1063,235,886,235
724,994,959,994,959,1036,724,1036
433,926,686,926,686,972,433,972
538,945,769,945,769,999,538,999
998,666,1238,666,1238,708,998,708
735,59,909,59,909,92,735,92
916,758,1157,758,1157,805,916,805
760,132,934,132,934,164,760,164
827,996,1041,996,1041,1048,827,1048
680,12,847,12,847,44,680,44
754,330,974,330,974,371,754,371
1051,545,1252,545,1252,584,1051,584
993,444,1215,444,1215,490,993,490
602,332,793,332,793,370,602,370
808,98,1004,98,1004,137,808,137
907,147,1111,147,1111,193,907,193
760,95,928,95,928,127,760,127
862,312,1048,312,1048,348,862,348
828,200,1005,200,1005,231,828,231
638,371,832,371,832,407,638,407
848,647,1083,647,1083,699,848,699
476,150,645,150,645,274,476,274
852,69,1017,69,1017,100,852,100
898,550,1099,550,1099,589,898,589
954,376,1169,376,1169,417,954,417
878,504,1103,504,1103,548,878,548
725,1155,969,1155,969,1197,725,1197
714,623,929,623,929,660,714,660
812,783,1030,783,1030,822,812,822
720,1224,953,1224,953,1282,720,1282
49,682,275,682,275,724,49,724
614,819,838,819,838,860,614,860
536,513,736,513,736,552,536,552
795,531,970,531,970,568,795,568
877,478,1126,478,1126,521,877,521
584,1035,830,1035,830,1086,584,1086
1040,76,1234,76,1234,110,1040,110
714,634,946,634,946,675,714,675
925,625,1152,625,1152,674,925,674
909,670,1140,670,1140,714,909,714
780,148,957,148,957,182,780,182
471,1242,683,1242,683,1292,471,1292
971,77,1141,77,1141,111,971,111
796,139,998,139,998,179,796,179
1239,514,1438,514,1438,557,1239,557
965,426,1185,426,1185,471,965,471
678,715,894,715,894,752,678,752
598,595,746,595,746,630,598,630
855,186,1037,186,1037,221,855,221
723,714,920,714,920,767,723,767
947,385,1136,385,1136,421,947,421
1035,90,1233,90,1233,132,1035,132
808,778,1026,778,1026,815,808,815
540,835,762,835,762,878,540,878
714,259,897,259,897,292,714,292
790,380,957,380,957,416,790,416
958,43,1126,43,1126,75,958,75
804,122,973,122,973,153,804,153
930,572,1130,572,1130,611,930,611
823,501,1024,501,1024,541,823,541
642,671,855,671,855,710,642,710
922,213,1126,213,1126,257,922,257
770,419,988,419,988,462,770,462
545,891,797,891,797,942,545,942
242,1148,455,1148,455,1194,242,1194
761,433,971,433,971,470,761,470
882,669,1128,669,1128,709,882,709
678,458,876,458,876,495,678,495
796,648,1005,648,1005,689,796,689
714,813,953,813,953,850,714,850
791,129,970,129,970,167,791,167
832,340,1127,340,1127,376,832,376
733,762,944,762,944,797,733,797
361,1178,611,1178,611,1233,361,1233
902,69,1081,69,1081,104,902,104
732,848,955,848,955,891,732,891
747,308,933,308,933,344,747,344
620,295,808,295,808,328,620,328
805,841,1028,841,1028,876,805,876
754,992,982,992,982,1033,754,1033
780,1183,1027,1183,1027,1229,780,1229
588,268,777,268,777,303,588,303
844,319,1034,319,1034,358,844,358
263,610,474,610,474,651,263,651
608,532,806,532,806,565,608,565
711,448,949,448,949,491,711,491
759,609,988,609,988,654,759,654
109,901,335,901,335,945,109,945
1004,37,1199,37,1199,81,1004,81
779,3,948,3,948,37,779,37
681,672,894,672,894,715,681,715
814,616,1045,616,1045,654,814,654
835,373,1019,373,1019,407,835,407
693,696,904,696,904,734,693,734
861,583,1065,583,1065,618,861,618
537,306,739,306,739,339,537,339
774,-2,943,-2,943,31,774,31
818,373,1037,373,1037,413,818,413
1110,622,1344,622,1344,666,1110,666
787,0,956,0,956,35,787,35
615,673,826,673,826,715,615,715
1402,450,1603,450,1603,489,1402,489
1146,588,1380,588,1380,636,1146,636
995,135,1198,135,1198,176,995,176
507,866,748,866,748,908,507,908
850,712,1063,712,1063,751,850,751
613,923,834,923,834,959,613,959
619,791,841,791,841,832,619,832
864,480,1087,480,1087,524,864,524
857,133,1033,133,1033,166,857,166
779,772,995,772,995,808,779,808
811,185,1015,185,1015,226,811,226
757,202,961,202,961,242,757,242
926,8,1090,8,1090,43,926,43
869,124,1057,124,1057,160,869,160
673,307,888,307,888,348,673,348
966,593,1170,593,1170,632,966,632
784,772,1024,772,1024,817,784,817
484,625,718,625,718,669,484,669
932,292,1145,292,1145,334,932,334
635,1101,878,1101,878,1152,635,1152
1154,614,1364,614,1364,650,1154,650
648,766,869,766,869,808,648,808
890,302,1073,302,1073,335,890,335
502,365,708,365,708,402,502,402
691,8,860,8,860,43,691,43
681,797,902,797,902,841,681,841
974,583,1178,583,1178,620,974,620
927,542,1175,542,1175,583,927,583
763,604,970,604,970,640,763,640
797,586,1001,586,1001,626,797,626
900,53,1078,53,1078,86,900,86
652,563,870,563,870,602,652,602
792,171,969,171,969,205,792,205
759,318,981,318,981,364,759,364
679,186,857,186,857,219,679,219
940,44,1108,44,1108,79,940,79
1050,13,1216,13,1216,42,1050,42
862,373,1053,373,1053,410,862,410
939,526,1166,526,1166,571,939,571
911,130,1087,130,1087,165,911,165
804,67,973,67,973,99,804,99
739,254,925,254,925,293,739,293
1043,179,1244,179,1244,221,1043,221
816,777,1099,777,1099,829,816,829
1071,531,1299,531,1299,575,1071,575
828,311,1015,311,1015,344,828,344
932,733,1145,733,1145,773,932,773
1634,437,1868,437,1868,485,1634,485
1063,138,1266,138,1266,181,1063,181
600,670,810,670,810,709,600,709
779,655,1008,655,1008,699,779,699
749,237,1061,237,1061,286,749,286
786,449,981,449,981,491,786,491
830,805,1050,805,1050,845,830,845
638,581,852,581,852,618,638,618
721,712,937,712,937,750,721,750
820,543,942,543,942,565,820,565
1483,949,1706,949,1706,1000,1483,1000
554,651,764,651,764,693,554,693
832,676,1041,676,1041,715,832,715
761,219,907,219,907,252,761,252
768,182,945,182,945,214,768,214
743,694,958,694,958,733,743,733
686,692,904,692,904,731,686,731
696,862,936,862,936,910,696,910
774,950,1026,950,1026,1001,774,1001
1194,827,1437,827,1437,872,1194,872
934,376,1153,376,1153,422,934,422
824,200,1002,200,1002,232,824,232
918,536,1142,536,1142,577,918,577
748,325,930,325,930,359,748,359
730,-1,984,-1,984,25,730,25
788,256,977,256,977,297,788,297
831,549,1040,549,1040,585,831,585
939,392,1157,392,1157,439,939,439
807,451,920,451,920,469,807,469
913,705,1120,705,1120,747,913,747
718,205,894,205,894,237,718,237
955,803,1173,803,1173,844,955,844
785,201,970,201,970,235,785,235
687,818,907,818,907,864,687,864
791,286,973,286,973,318,791,318
763,465,991,465,991,508,763,508
603,732,841,732,841,784,603,784
819,269,999,269,999,303,819,303
665,289,851,289,851,322,665,322
824,636,1056,636,1056,680,824,680
826,661,1038,661,1038,702,826,702
829,738,1041,738,1041,780,829,780
816,762,1057,762,1057,801,816,801
920,209,1098,209,1098,245,920,245
783,51,975,51,975,91,783,91
307,1381,568,1381,568,1430,307,1430
740,219,947,219,947,258,740,258
1238,746,1481,746,1481,791,1238,791
725,700,959,700,959,745,725,745
621,358,813,358,813,392,621,392
820,687,1027,687,1027,725,820,725
886,619,1113,619,1113,662,886,662
898,675,1106,675,1106,714,898,714
872,616,1100,616,1100,650,872,650
597,377,791,377,791,414,597,414
665,650,891,650,891,693,665,693
810,158,989,158,989,190,810,190
629,155,804,155,804,189,629,189
1086,43,1251,43,1251,73,1086,73
1548,623,1789,623,1789,674,1548,674
536,351,727,351,727,387,536,387
752,694,959,694,959,730,752,730
409,552,618,552,618,590,409,590
851,695,1085,695,1085,738,851,738
897,440,1095,440,1095,481,897,481
972,791,1188,791,1188,828,972,828
942,820,1164,820,1164,861,942,861
930,197,1132,197,1132,236,930,236
680,188,862,188,862,222,680,222
991,384,1181,384,1181,422,991,422
742,1358,1011,1358,1011,1399,742,1399
853,141,1029,141,1029,175,853,175
821,754,1054,754,1054,799,821,799
1254,122,1461,122,1461,168,1254,168
621,648,854,648,854,691,621,691
886,231,1086,231,1086,270,886,270
639,901,892,901,892,952,639,952
992,796,1237,796,1237,841,992,841
759,183,934,183,934,218,759,218
913,508,1106,508,1106,544,913,544
775,428,989,428,989,470,775,470
815,693,1032,693,1032,732,815,732
688,182,896,182,896,222,688,222
863,650,1078,650,1078,688,863,688
844,1156,1083,1156,1083,1195,844,1195
742,357,957,357,957,398,742,398
849,229,1034,229,1034,261,849,261
850,679,1061,679,1061,718,850,718
988,1110,1222,1110,1222,1146,988,1146
765,224,947,224,947,259,765,259
508,510,737,510,737,549,508,549
822,192,1000,192,1000,229,822,229
782,671,997,671,997,708,782,708
764,512,987,512,987,556,764,556
763,366,987,366,987,410,763,410
295,690,544,690,544,736,295,736
813,162,992,162,992,196,813,196
963,143,1136,143,1136,179,963,179
842,80,1017,80,1017,114,842,114
934,730,1152,730,1152,770,934,770
601,582,810,582,810,621,601,621
862,578,1069,578,1069,618,862,618
1055,-1,1219,-1,1219,32,1055,32
631,395,824,395,824,435,631,435
931,497,1169,497,1169,543,931,543
899,172,1072,172,1072,204,899,204
947,365,1168,365,1168,406,947,406
804,545,1005,545,1005,584,804,584
794,179,999,179,999,221,794,221
960,762,1204,762,1204,806,960,806
1096,699,1337,699,1337,740,1096,740
813,86,983,86,983,119,813,119
736,951,973,951,973,993,736,993
918,359,1111,359,1111,397,918,397
650,809,889,809,889,848,650,848
620,416,818,416,818,452,620,452
1052,350,1243,350,1243,386,1052,386
910,796,1128,796,1128,840,910,840
828,100,1030,100,1030,143,828,143
777,782,1014,782,1014,822,777,822
918,108,1096,108,1096,142,918,142
867,796,1076,796,1076,830,867,830
720,323,904,323,904,358,720,358
663,581,869,581,869,618,663,618
733,351,921,351,921,385,733,385
695,520,894,520,894,556,695,556
683,881,935,881,935,931,683,931
612,553,840,553,840,597,612,597
530,420,741,420,741,536,530,536
941,247,1143,247,1143,292,941,292
554,479,750,479,750,515,554,515
877,517,1103,517,1103,560,877,560
840,132,1021,132,1021,167,840,167
1038,199,1241,199,1241,242,1038,242
861,643,1069,643,1069,681,861,681
1093,225,1300,225,1300,269,1093,269
900,233,1080,233,1080,269,900,269
829,122,944,122,944,167,829,167
698,470,892,470,892,501,698,501
424,800,645,800,645,845,424,845
828,139,1006,139,1006,172,828,172
613,765,829,765,829,804,613,804
820,482,1017,482,1017,518,820,518
770,707,984,707,984,743,770,743
955,642,1165,642,1165,682,955,682
779,253,972,253,972,290,779,290
808,729,1021,729,1021,766,808,766
773,787,1016,787,1016,834,773,834
1658,170,1844,170,1844,206,1658,206
701,335,890,335,890,369,701,369
1650,386,1882,386,1882,433,1650,433
1001,822,1249,822,1249,873,1001,873
868,476,1066,476,1066,513,868,513
856,229,1033,229,1033,259,856,259
531,342,733,342,733,376,531,376
797,782,1012,782,1012,822,797,822
741,530,939,530,939,570,741,570
632,504,835,504,835,540,632,540
830,719,1065,719,1065,758,830,758
690,874,915,874,915,914,690,914
1036,126,1235,126,1235,167,1036,167
831,682,1038,682,1038,717,831,717
879,489,1075,489,1075,526,879,526
905,63,1102,63,1102,102,905,102
527,698,739,698,739,740,527,740
645,268,856,268,856,310,645,310
935,104,1134,104,1134,146,935,146
383,841,612,841,612,883,383,883
941,268,1131,268,1131,300,941,300
881,655,1115,655,1115,701,881,701
1499,597,1710,597,1710,634,1499,634
685,239,863,239,863,272,685,272
700,357,892,357,892,394,700,394
587,773,805,773,805,817,587,817
1300,772,1513,772,1513,807,1300,807
544,1023,781,1023,781,1064,544,1064
1687,244,1915,244,1915,290,1687,290
779,87,975,87,975,125,779,125
11,388,219,388,219,422,11,422
1196,770,1438,770,1438,815,1196,815
826,203,1004,203,1004,237,826,237
829,573,1057,573,1057,619,829,619
626,527,852,527,852,572,626,572
784,827,1002,827,1002,869,784,869
820,65,991,65,991,99,820,99
883,719,1096,719,1096,755,883,755
541,936,767,936,767,983,541,983
137,759,361,759,361,810,137,810
803,480,1024,480,1024,526,803,526
266,299,461,299,461,336,266,336
1022,114,1222,114,1222,157,1022,157
950,131,1120,131,1120,164,950,164
575,518,777,518,777,556,575,556
1170,870,1381,870,1381,923,1170,923
742,986,1003,986,1003,1035,742,1035
895,66,1068,66,1068,100,895,100
815,344,997,344,997,383,815,383
646,473,861,473,861,510,646,510
747,348,934,348,934,384,747,384
799,396,995,396,995,430,799,430
565,534,786,534,786,573,565,573
937,773,1153,773,1153,808,937,808
322,628,535,628,535,666,322,666
1007,542,1233,542,1233,583,1007,583
959,192,1135,192,1135,226,959,226
768,788,987,788,987,828,768,828
577,388,770,388,770,423,577,423
622,734,832,734,832,779,622,779
684,388,915,388,915,426,684,426
977,781,1211,781,1211,824,977,824
860,290,1069,290,1069,330,860,330
670,644,901,644,901,689,670,689
1184,553,1410,553,1410,594,1184,594
638,79,814,79,814,111,638,111
969,211,1155,211,1155,239,969,239
277,684,459,684,459,724,277,724
681,166,867,166,867,202,681,202
1261,640,1468,640,1468,681,1261,681
846,379,1062,379,1062,420,846,420
1025,254,1230,254,1230,299,1025,299
758,157,957,157,957,196,758,196
676,350,865,350,865,384,676,384
662,655,874,655,874,694,662,694
728,292,919,292,919,327,728,327
731,198,909,198,909,230,731,230
41,650,262,650,262,694,41,694
624,458,816,458,816,489,624,489
623,298,747,298,747,323,623,323
722,784,942,784,942,819,722,819
1042,750,1259,750,1259,794,1042,794
467,529,668,529,668,598,467,598
828,180,1027,180,1027,215,828,215
762,852,986,852,986,897,762,897
929,132,1071,132,1071,160,929,160
939,285,1125,285,1125,319,939,319
775,671,984,671,984,708,775,708
228,509,446,509,446,548,228,548
1155,1355,1454,1355,1454,1407,1155,1407
809,338,993,338,993,375,809,375
826,247,1005,247,1005,282,826,282
805,299,982,299,982,338,805,338
838,960,1068,960,1068,1002,838,1002
859,799,1095,799,1095,836,859,836
803,124,974,124,974,154,803,154
855,515,1058,515,1058,554,855,554
645,1134,884,1134,884,1180,645,1180
841,653,1050,653,1050,692,841,692
756,111,932,111,932,144,756,144
909,703,1121,703,1121,742,909,742
822,817,1066,817,1066,864,822,864
718,1095,960,1095,960,1139,718,1139
539,1231,785,1231,785,1273,539,1273
910,690,1144,690,1144,738,910,738
923,564,1149,564,1149,607,923,607
559,592,789,592,789,635,559,635
957,127,1155,127,1155,168,957,168
843,729,1077,729,1077,772,843,772
491,342,682,342,682,378,491,378
690,192,872,192,872,228,690,228
840,631,1049,631,1049,668,840,668
1694,375,1895,375,1895,410,1694,410
889,825,1143,825,1143,877,889,877
792,782,1008,782,1008,826,792,826
781,594,984,594,984,630,781,630
822,704,1058,704,1058,749,822,749
1176,574,1407,574,1407,621,1176,621
704,142,884,142,884,177,704,177
860,648,930,648,930,701,860,701
1061,261,1268,261,1268,303,1061,303
786,271,971,271,971,304,786,304
796,751,985,751,985,789,796,789
855,615,1058,615,1058,654,855,654
407,1162,658,1162,658,1213,407,1213
943,684,1180,684,1180,731,943,731
826,570,1030,570,1030,606,826,606
960,592,1186,592,1186,637,960,637
812,777,1048,777,1048,815,812,815
837,464,1031,464,1031,503,837,503
1310,495,1536,495,1536,539,1310,539
866,391,1071,391,1071,429,866,429
839,292,943,292,943,313,839,313
1021,290,1087,290,1087,311,1021,311
861,418,1050,418,1050,454,861,454
720,615,924,615,924,651,720,651
812,209,1020,209,1020,248,812,248
1041,884,1313,884,1313,927,1041,927
898,426,1174,426,1174,484,898,484
903,533,1107,533,1107,574,903,574
901,637,1131,637,1131,686,901,686
824,476,1021,476,1021,512,824,512
748,633,923,633,923,669,748,669
800,801,1043,801,1043,845,800,845
978,20,1146,20,1146,50,978,50
861,352,1041,352,1041,384,861,384
873,40,1041,40,1041,69,873,69
1016,498,1211,498,1211,535,1016,535
931,149,1104,149,1104,182,931,182
1427,567,1625,567,1625,611,1427,611
899,15,1065,15,1065,46,899,46
981,562,1178,562,1178,600,981,600
840,190,1017,190,1017,224,840,224
807,414,998,414,998,449,807,449
895,46,1064,46,1064,77,895,77
762,294,943,294,943,326,762,326
427,528,632,528,632,564,427,564
661,250,855,250,855,287,661,287
713,251,893,251,893,286,713,286
798,2,964,2,964,37,798,37
771,109,947,109,947,144,771,144
916,182,1092,182,1092,216,916,216
867,156,1067,156,1067,198,867,198
898,128,1071,128,1071,161,898,161
880,380,1071,380,1071,415,880,415
929,670,1133,670,1133,711,929,711
732,442,945,442,945,482,732,482
963,464,1157,464,1157,500,963,500
717,84,893,84,893,117,717,117
879,105,1079,105,1079,150,879,150
722,777,935,777,935,814,722,814
620,342,808,342,808,380,620,380
849,454,1043,454,1043,491,849,491
816,453,1007,453,1007,488,816,488
965,264,1149,264,1149,298,965,298
665,354,861,354,861,390,665,390
806,5,976,5,976,40,806,40
897,546,1125,546,1125,592,897,592
851,794,1094,794,1094,840,851,840
624,619,851,619,851,662,624,662
836,568,1036,568,1036,605,836,605
908,605,1111,605,1111,641,908,641
848,111,1035,111,1035,152,848,152
608,760,827,760,827,800,608,800
940,707,1151,707,1151,747,940,747
922,756,1142,756,1142,797,922,797
896,909,1122,909,1122,948,896,948
894,678,1132,678,1132,729,894,729
773,578,974,578,974,613,773,613
757,322,949,322,949,356,757,356
665,211,852,211,852,248,665,248
1554,1077,1850,1077,1850,1125,1554,1125
365,455,518,455,518,477,365,477
207,714,432,714,432,754,207,754
671,894,932,894,932,940,671,940
725,228,909,228,909,261,725,261
848,793,1067,793,1067,833,848,833
913,312,1099,312,1099,347,913,347
87,654,303,654,303,698,87,698
626,1164,868,1164,868,1205,626,1205
780,683,1022,683,1022,728,780,728
807,791,1024,791,1024,831,807,831
1018,311,1200,311,1200,348,1018,348
741,964,994,964,994,1011,741,1011
914,112,1112,112,1112,155,914,155
480,429,716,429,716,470,480,470
21,360,221,360,221,396,21,396
1061,810,1283,810,1283,850,1061,850
775,677,979,677,979,714,775,714
774,895,998,895,998,937,774,937
1003,559,1205,559,1205,595,1003,595
613,462,832,462,832,501,613,501
754,30,884,30,884,53,754,53
734,311,922,311,922,345,734,345
678,632,911,632,911,677,678,677
581,1350,835,1350,835,1398,581,1398
769,322,961,322,961,356,769,356
1128,775,1342,775,1342,817,1128,817
857,921,1052,921,1052,965,857,965
748,404,941,404,941,439,748,439
326,1230,584,1230,584,1283,326,1283
242,584,399,584,399,618,242,618
944,722,1187,722,1187,780,944,780
864,696,1080,696,1080,737,864,737
794,252,974,252,974,286,794,286
221,620,434,620,434,657,221,657
1090,1057,1354,1057,1354,1107,1090,1107
778,368,992,368,992,409,778,409
634,400,829,400,829,435,634,435
628,603,856,603,856,650,628,650
732,574,930,574,930,611,732,611
720,577,921,577,921,613,720,613
943,524,1135,524,1135,561,943,561
995,439,1188,439,1188,475,995,475
563,471,785,471,785,511,563,511
1102,512,1327,512,1327,557,1102,557
1284,521,1526,521,1526,570,1284,570
812,366,1005,366,1005,401,812,401
762,759,973,759,973,793,762,793
840,286,1022,286,1022,320,840,320
837,696,1035,696,1035,741,837,741
943,592,1152,592,1152,630,943,630
714,950,942,950,942,987,714,987
739,1001,928,1001,928,1042,739,1042
591,347,782,347,782,384,591,384
724,1009,951,1009,951,1047,724,1047
911,426,1110,426,1110,462,911,462
690,904,920,904,920,946,690,946
1006,615,1217,615,1217,650,1006,650
696,320,899,320,899,356,696,356
1607,219,1831,219,1831,268,1607,268
723,745,935,745,935,781,723,781
427,889,651,889,651,934,427,934
733,427,924,427,924,464,733,464
667,333,857,333,857,375,667,375
519,825,744,825,744,866,519,866
757,111,933,111,933,146,757,146
762,1176,1024,1176,1024,1225,762,1225
580,277,763,277,763,309,580,309
955,566,1189,566,1189,613,955,613
585,412,780,412,780,444,585,444
795,86,966,86,966,120,795,120
782,606,992,606,992,646,782,646
1671,133,1891,133,1891,185,1671,185
679,826,922,826,922,869,679,869
720,609,928,609,928,644,720,644
663,671,887,671,887,710,663,710
661,251,843,251,843,282,661,282
594,694,827,694,827,742,594,742
1045,574,1270,574,1270,622,1045,622
1032,605,1267,605,1267,651,1032,651
504,561,710,561,710,597,504,597
582,404,777,404,777,447,582,447
12,348,217,348,217,382,12,382
127,101,290,101,290,122,127,122
911,308,1098,308,1098,341,911,341
696,406,893,406,893,443,696,443
806,555,1012,555,1012,596,806,596
974,707,1184,707,1184,746,974,746
945,200,1124,200,1124,234,945,234
584,571,816,571,816,614,584,614
871,334,1085,334,1085,373,871,373
608,466,795,466,795,509,608,509
1561,590,1803,590,1803,638,1561,638
876,315,1059,315,1059,351,876,351
763,610,999,610,999,652,763,652
1354,949,1622,949,1622,999,1354,999
514,282,710,282,710,317,514,317
725,200,901,200,901,231,725,231
771,94,940,94,940,127,771,127
647,244,837,244,837,277,647,277
462,711,702,711,702,755,462,755
1093,542,1319,542,1319,591,1093,591
1010,295,1194,295,1194,330,1010,330
919,377,1111,377,1111,414,919,414
748,824,996,824,996,870,748,870
855,613,1084,613,1084,654,855,654
777,802,997,802,997,840,777,840
890,100,1057,100,1057,132,890,132
759,855,983,855,983,895,759,895
625,664,869,664,869,709,625,709
768,192,945,192,945,224,768,224
732,577,944,577,944,617,732,617
754,453,951,453,951,491,754,491
690,509,869,509,869,549,690,549
676,900,930,900,930,945,676,945
708,463,902,463,902,500,708,500
453,641,662,641,662,677,453,677
694,770,912,770,912,810,694,810
987,803,1205,803,1205,840,987,840
851,587,1059,587,1059,623,851,623
961,1339,1178,1339,1178,1394,961,1394
769,606,976,606,976,642,769,642
824,332,1017,332,1017,368,824,368
606,634,837,634,837,673,606,673
780,158,956,158,956,195,780,195
808,362,1002,362,1002,396,808,396
894,529,1120,529,1120,574,894,574
471,525,703,525,703,569,471,569
835,750,1057,750,1057,791,835,791
755,330,941,330,941,366,755,366
782,780,986,780,986,824,782,824
1055,662,1291,662,1291,707,1055,707
852,544,1053,544,1053,579,852,579
814,29,981,29,981,60,814,60
848,74,941,74,941,107,848,107
833,264,1041,264,1041,306,833,306
747,212,930,212,930,247,747,247
755,348,969,348,969,388,755,388
739,750,968,750,968,787,739,787
883,685,1095,685,1095,723,883,723
850,772,1070,772,1070,814,850,814
1065,661,1272,661,1272,695,1065,695
870,718,1070,718,1070,770,870,770
930,627,1142,627,1142,668,930,668
603,216,789,216,789,251,603,251
697,948,928,948,928,990,697,990
940,691,1172,691,1172,733,940,733
490,743,708,743,708,783,490,783
548,257,741,257,741,289,548,289
1026,797,1264,797,1264,835,1026,835
1148,645,1379,645,1379,691,1148,691
754,660,989,660,989,703,754,703
989,1219,1267,1219,1267,1260,989,1260
846,193,1051,193,1051,235,846,235
651,559,855,559,855,593,651,593
649,442,912,442,912,531,649,531
825,232,999,232,999,265,825,265
816,589,1052,589,1052,633,816,633
938,439,1157,439,1157,481,938,481
910,724,1130,724,1130,765,910,765
941,539,1152,539,1152,581,941,581
442,630,649,630,649,670,442,670
911,155,1089,155,1089,190,911,190
960,715,1198,715,1198,757,960,757
806,892,1052,892,1052,934,806,934
685,257,863,257,863,289,685,289
773,531,997,531,997,575,773,575
860,625,1075,625,1075,664,860,664
638,621,844,621,844,661,638,661
681,92,856,92,856,125,681,125
889,360,1077,360,1077,397,889,397
681,693,927,693,927,738,681,738
1020,801,1241,801,1241,840,1020,840
876,720,1110,720,1110,763,876,763
1600,704,1861,704,1861,756,1600,756
976,300,1185,300,1185,340,976,340
464,772,683,772,683,813,464,813
877,83,1047,83,1047,120,877,120
730,546,933,546,933,584,730,584
874,308,1061,308,1061,340,874,340
520,819,761,819,761,863,520,863
538,1101,775,1101,775,1139,538,1139
685,504,885,504,885,538,685,538
794,388,864,388,864,415,794,415
634,389,750,389,750,411,634,411
783,543,991,543,991,580,783,580
815,104,1022,104,1022,145,815,145
1174,826,1389,826,1389,860,1174,860
971,798,1191,798,1191,835,971,835
1667,632,1885,632,1885,670,1667,670
874,789,1115,789,1115,835,874,835
804,133,1003,133,1003,173,804,173
893,100,1093,100,1093,141,893,141
803,459,1002,459,1002,492,803,492
917,537,1121,537,1121,574,917,574
593,574,823,574,823,614,593,614
594,417,791,417,791,451,594,451
839,767,1079,767,1079,812,839,812
707,220,891,220,891,255,707,255
789,375,1013,375,1013,416,789,416
816,753,1032,753,1032,792,816,792
863,311,1006,311,1006,335,863,335
866,602,1063,602,1063,647,866,647
880,754,1092,754,1092,794,880,794
761,498,986,498,986,540,761,540
846,577,1062,577,1062,615,846,615
795,31,965,31,965,65,795,65
850,699,1086,699,1086,743,850,743
585,239,765,239,765,271,585,271
423,730,641,730,641,767,423,767
426,1262,680,1262,680,1313,426,1313
829,270,1032,270,1032,309,829,309
519,771,737,771,737,812,519,812
616,224,802,224,802,260,616,260
851,988,1104,988,1104,1041,851,1041
814,803,1051,803,1051,846,814,846
1073,67,1241,67,1241,97,1073,97
757,850,988,850,988,890,757,890
713,939,945,939,945,979,713,979
871,708,1080,708,1080,750,871,750
504,344,699,344,699,385,504,385
714,44,884,44,884,76,714,76
383,596,601,596,601,637,383,637
717,846,933,846,933,885,717,885
861,971,1087,971,1087,1014,861,1014
1035,688,1245,688,1245,727,1035,727
779,511,984,511,984,550,779,550
682,385,870,385,870,420,682,420
940,83,1109,83,1109,117,940,117
759,852,1005,852,1005,898,759,898
908,647,1149,647,1149,694,908,694
146,126,327,126,327,159,146,159
531,372,731,372,731,407,531,407
610,190,792,190,792,225,610,225
1044,502,1272,502,1272,549,1044,549
935,13,1128,13,1128,61,935,61
865,466,1051,466,1051,494,865,494
925,793,1171,793,1171,835,925,835
1030,160,1234,160,1234,199,1030,199
947,715,1182,715,1182,762,947,762
1582,554,1824,554,1824,599,1582,599
127,941,325,941,325,982,127,982
609,895,861,895,861,944,609,944
995,655,1203,655,1203,690,995,690
588,393,809,393,809,436,588,436
843,606,1046,606,1046,641,843,641
967,311,1159,311,1159,350,967,350
958,170,1158,170,1158,212,958,212
700,618,929,618,929,662,700,662
904,521,1097,521,1097,555,904,555
825,259,1010,259,1010,297,825,297
841,149,1017,149,1017,182,841,182
68,1044,314,1044,314,1087,68,1087
684,598,891,598,891,635,684,635
690,146,869,146,869,181,690,181
684,808,903,808,903,847,684,847
671,214,852,214,852,249,671,249
846,225,1051,225,1051,265,846,265
743,860,990,860,990,905,743,905
1064,799,1284,799,1284,836,1064,836
705,684,941,684,941,731,705,731
653,190,829,190,829,222,653,222
1101,452,1325,452,1325,496,1101,496
489,525,694,525,694,564,489,564
812,220,1013,220,1013,257,812,257
1043,858,1293,858,1293,902,1043,902
819,154,1019,154,1019,197,819,197
800,480,995,480,995,516,800,516
338,1111,586,1111,586,1163,338,1163
642,686,876,686,876,730,642,730
757,114,933,114,933,146,757,146
766,848,968,848,968,892,766,892
821,273,1004,273,1004,301,821,301
989,533,1216,533,1216,578,989,578
767,750,1005,750,1005,798,767,798
873,413,1068,413,1068,455,873,455
907,231,1089,231,1089,265,907,265
476,581,710,581,710,628,476,628
986,823,1191,823,1191,867,986,867
798,389,987,389,987,422,798,422
555,270,745,270,745,306,555,306
628,643,837,643,837,684,628,684
811,724,1007,724,1007,769,811,769
1648,233,1833,233,1833,284,1648,284
708,609,913,609,913,647,708,647
734,361,921,361,921,397,734,397
642,533,848,533,848,574,642,574
1220,610,1444,610,1444,653,1220,653
730,415,925,415,925,449,730,449
1423,99,1605,99,1605,136,1423,136
841,169,1020,169,1020,204,841,204
770,781,988,781,988,820,770,820
884,295,1063,295,1063,327,884,327
916,188,1123,188,1123,231,916,231
824,738,1019,738,1019,784,824,784
886,581,1093,581,1093,621,886,621
568,228,750,228,750,262,568,262
851,246,1032,246,1032,283,851,283
885,208,1062,208,1062,241,885,241
660,478,857,478,857,514,660,514
654,453,851,453,851,490,654,490
751,627,958,627,958,665,751,665
671,198,848,198,848,232,671,232
780,628,1016,628,1016,673,780,673
829,451,1026,451,1026,487,829,487
666,744,890,744,890,785,666,785
619,569,847,569,847,612,619,612
993,56,1162,56,1162,90,993,90
720,119,892,119,892,150,720,150
685,328,894,328,894,363,685,363
490,709,709,709,709,748,490,748
835,113,1005,113,1005,146,835,146
879,432,1095,432,1095,475,879,475
846,196,1024,196,1024,228,846,228
691,565,927,565,927,602,691,602
784,166,959,166,959,197,784,197
805,771,1046,771,1046,813,805,813
125,724,357,724,357,767,125,767
834,97,1003,97,1003,129,834,129
884,386,1071,386,1071,419,884,419
741,363,954,363,954,405,741,405
894,64,1086,64,1086,102,894,102
815,255,1001,255,1001,289,815,289
794,163,976,163,976,196,794,196
882,284,1088,284,1088,323,882,323
739,556,945,556,945,593,739,593
693,465,889,465,889,505,693,505
183,527,394,527,394,564,183,564
880,504,1081,504,1081,541,880,541
976,592,1179,592,1179,629,976,629
722,719,980,719,980,766,722,766
892,631,1125,631,1125,678,892,678
763,321,975,321,975,362,763,362
1003,469,1199,469,1199,507,1003,507
765,315,987,315,987,356,765,356
630,692,842,692,842,735,630,735
953,60,1118,60,1118,94,953,94
560,719,771,719,771,755,560,755
1154,508,1378,508,1378,551,1154,551
637,678,850,678,850,717,637,717
876,595,1081,595,1081,633,876,633
746,318,928,318,928,351,746,351
740,427,937,427,937,463,740,463
915,52,1110,52,1110,91,915,91
636,438,836,438,836,478,636,478
630,1137,899,1137,899,1194,630,1194
834,525,1034,525,1034,561,834,561
629,163,823,163,823,197,629,197
951,410,1171,410,1171,455,951,455
549,661,763,661,763,700,549,700
868,206,1051,206,1051,241,868,241
998,183,1170,183,1170,215,998,215
968,177,1145,177,1145,210,968,210
1048,724,1263,724,1263,764,1048,764
952,932,1180,932,1180,973,952,973
1028,746,1241,746,1241,783,1028,783
1419,534,1649,534,1649,581,1419,581
838,99,1018,99,1018,133,838,133
792,637,1000,637,1000,671,792,671
596,100,771,100,771,130,596,130
853,94,1050,94,1050,135,853,135
654,972,913,972,913,1024,654,1024
649,857,895,857,895,907,649,907
359,387,557,387,557,424,359,424
642,191,829,191,829,227,642,227
708,526,933,526,933,569,708,569
798,202,1006,202,1006,238,798,238
723,597,924,597,924,634,723,634
1124,383,1342,383,1342,428,1124,428
750,682,960,682,960,721,750,721
1121,263,1293,263,1293,325,1121,325
969,266,1184,266,1184,311,969,311
817,817,1061,817,1061,868,817,868
915,243,1112,243,1112,280,915,280
645,668,866,668,866,709,645,709
820,139,990,139,990,171,820,171
777,369,960,369,960,402,777,402
826,108,1028,108,1028,151,826,151
756,236,941,236,941,270,756,270
847,333,1065,333,1065,368,847,368
796,79,967,79,967,115,796,115
299,788,523,788,523,830,299,830
1282,646,1518,646,1518,694,1282,694
754,924,982,924,982,976,754,976
988,801,1191,801,1191,847,988,847
638,405,854,405,854,443,638,443
890,330,1102,330,1102,374,890,374
943,419,1133,419,1133,453,943,453
585,521,789,521,789,557,585,557
839,417,1031,417,1031,450,839,450
1021,302,1235,302,1235,346,1021,346
878,396,1070,396,1070,430,878,430
768,255,947,255,947,289,768,289
750,181,934,181,934,217,750,217
859,63,1031,63,1031,98,859,98
562,868,803,868,803,908,562,908
946,633,1156,633,1156,670,946,670
807,210,992,210,992,244,807,244
828,1039,1093,1039,1093,1091,828,1091
647,599,855,599,855,641,647,641
858,717,1071,717,1071,753,858,753
759,706,973,706,973,744,759,744
871,775,1071,775,1071,816,871,816
692,207,872,207,872,242,692,242
937,168,1113,168,1113,202,937,202
977,331,1159,331,1159,363,977,363
701,494,923,494,923,536,701,536
816,360,1014,360,1014,398,816,398
807,978,1070,978,1070,1028,807,1028
969,96,1138,96,1138,127,969,127
926,344,1114,344,1114,378,926,378
878,713,1088,713,1088,749,878,749
902,278,1082,278,1082,310,902,310
641,559,854,559,854,601,641,601
848,383,1060,383,1060,423,848,423
649,735,863,735,863,776,649,776
1651,619,1883,619,1883,659,1651,659
822,631,1027,631,1027,672,822,672
993,45,1158,45,1158,84,993,84
1406,646,1647,646,1647,690,1406,690
870,148,1046,148,1046,184,870,184
1593,346,1822,346,1822,391,1593,391
790,628,1023,628,1023,674,790,674
908,579,1109,579,1109,619,908,619
865,260,1048,260,1048,295,865,295
753,674,988,674,988,721,753,721
833,896,1056,896,1056,931,833,931
702,198,880,198,880,230,702,230
919,188,1093,188,1093,223,919,223
698,374,922,374,922,418,698,418
735,262,901,262,901,299,735,299
709,155,824,155,824,174,709,174
1136,583,1383,583,1383,627,1136,627
694,919,920,919,920,964,694,964
735,948,963,948,963,992,735,992
1027,12,1221,12,1221,51,1027,51
800,406,995,406,995,441,800,441
877,522,1074,522,1074,556,877,556
567,742,784,742,784,793,567,793
886,605,1091,605,1091,643,886,643
819,297,1030,297,1030,339,819,339
959,585,1191,585,1191,627,959,627
733,1322,993,1322,993,1366,733,1366
839,687,1079,687,1079,729,839,729
658,643,868,643,868,682,658,682
698,372,888,372,888,408,698,408
844,510,1044,510,1044,544,844,544
869,709,1105,709,1105,755,869,755
729,132,934,132,934,172,729,172
622,512,816,512,816,549,622,549
731,255,912,255,912,293,731,293
316,514,525,514,525,555,316,555
1104,363,1318,363,1318,407,1104,407
568,469,773,469,773,507,568,507
627,298,818,298,818,334,627,334
887,568,1124,568,1124,614,887,614
1020,311,1212,311,1212,358,1020,358
873,722,1087,722,1087,763,873,763
639,449,837,449,837,485,639,485
931,883,1138,883,1138,928,931,928
934,80,1103,80,1103,113,934,113
1091,1178,1358,1178,1358,1218,1091,1218
944,881,1166,881,1166,921,944,921
1040,583,1269,583,1269,629,1040,629
1009,209,1211,209,1211,249,1009,249
561,834,788,834,788,874,561,874
720,673,933,673,933,715,720,715
1229,404,1463,404,1463,447,1229,447
1055,542,1254,542,1254,577,1055,577
600,561,797,561,797,598,600,598
757,307,938,307,938,341,757,341
817,283,999,283,999,319,817,319
761,496,956,496,956,529,761,529
775,710,1012,710,1012,756,775,756
141,777,387,777,387,819,141,819
1017,696,1231,696,1231,736,1017,736
721,100,894,100,894,131,721,131
93,591,310,591,310,631,93,631
1039,505,1263,505,1263,549,1039,549
657,868,899,868,899,912,657,912
696,823,919,823,919,861,696,861
775,820,1016,820,1016,866,775,866
731,438,924,438,924,473,731,473
377,369,573,369,573,408,377,408
838,570,1041,570,1041,605,838,605
830,499,1030,499,1030,533,830,533
856,47,1049,47,1049,85,856,85
700,1339,951,1339,951,1386,700,1386
759,165,942,165,942,201,759,201
737,194,921,194,921,233,737,233
359,555,569,555,569,594,359,594
776,535,1002,535,1002,578,776,578
824,152,1002,152,1002,186,824,186
953,18,1121,18,1121,50,953,50
695,182,879,182,879,214,695,214
820,912,1035,912,1035,956,820,956
574,1113,811,1113,811,1159,574,1159
882,758,1095,758,1095,801,882,801
829,597,1037,597,1037,632,829,632
723,261,892,261,892,295,723,295
864,354,1052,354,1052,391,864,391
987,284,1168,284,1168,318,987,318
850,21,1041,21,1041,64,850,64
746,730,820,730,820,780,746,780
1017,60,1181,60,1181,88,1017,88
648,256,832,256,832,290,648,290
650,833,874,833,874,873,650,873
474,587,694,587,694,629,474,629
923,424,1117,424,1117,460,923,460
827,60,1000,60,1000,94,827,94
608,43,783,43,783,78,608,78
928,1145,1169,1145,1169,1189,928,1189
1013,378,1204,378,1204,415,1013,415
828,679,1036,679,1036,716,828,716
825,614,1030,614,1030,650,825,650
738,224,926,224,926,259,738,259
664,351,851,351,851,384,664,384
501,348,695,348,695,386,501,386
792,459,986,459,986,494,792,494
900,362,1088,362,1088,396,900,396
842,758,1056,758,1056,799,842,799
898,475,1094,475,1094,512,898,512
972,834,1218,834,1218,881,972,881
233,675,449,675,449,714,233,714
608,174,785,174,785,210,608,210
814,307,1001,307,1001,342,814,342
1048,716,1258,716,1258,753,1048,753
898,197,1077,197,1077,230,898,230
800,852,1047,852,1047,895,800,895
1013,740,1251,740,1251,784,1013,784
766,577,977,577,977,618,766,618
769,109,1009,109,1009,145,769,145
906,776,1128,776,1128,819,906,819
828,450,1051,450,1051,493,828,493
847,239,1048,239,1048,275,847,275
906,629,1112,629,1112,669,906,669
681,702,900,702,900,740,681,740
1256,665,1494,665,1494,711,1256,711
861,676,1096,676,1096,719,861,719
658,347,846,347,846,381,658,381
1064,604,1296,604,1296,649,1064,649
721,778,937,778,937,818,721,818
831,232,1013,232,1013,268,831,268
432,15,610,15,610,49,432,49
711,283,920,283,920,324,711,324
781,52,952,52,952,82,781,82
532,462,728,462,728,500,532,500
1141,179,1354,179,1354,228,1141,228
511,855,739,855,739,899,511,899
596,373,788,373,788,408,596,408
689,830,910,830,910,865,689,865
888,650,1120,650,1120,696,888,696
883,341,1070,341,1070,377,883,377
918,165,1093,165,1093,196,918,196
937,687,1151,687,1151,726,937,726
1235,120,1448,120,1448,170,1235,170
1006,169,1098,169,1098,182,1006,182
686,238,867,238,867,272,686,272
53,583,267,583,267,621,53,621
829,167,1032,167,1032,207,829,207
845,616,1045,616,1045,652,845,652
926,787,1160,787,1160,827,926,827
796,384,989,384,989,422,796,422
743,73,919,73,919,105,743,105
1003,9,1166,9,1166,43,1003,43
529,755,747,755,747,795,529,795
917,324,1102,324,1102,360,917,360
440,670,650,670,650,707,440,707
1170,684,1393,684,1393,729,1170,729
699,1038,963,1038,963,1094,699,1094
719,225,901,225,901,256,719,256
626,775,868,775,868,821,626,821
728,336,944,336,944,376,728,376
890,534,1130,534,1130,577,890,577
720,341,908,341,908,377,720,377
765,667,973,667,973,705,765,705
826,208,1008,208,1008,240,826,240
917,6,1114,6,1114,50,917,50
654,612,860,612,860,651,654,651
795,879,1019,879,1019,919,795,919
854,84,1050,84,1050,124,854,124
596,522,800,522,800,560,596,560
760,684,1001,684,1001,737,760,737
776,32,950,32,950,66,776,66
1038,629,1271,629,1271,672,1038,672
630,728,886,728,886,774,630,774
734,469,934,469,934,505,734,505
824,332,1011,332,1011,365,824,365
811,392,1027,392,1027,434,811,434
635,395,829,395,829,429,635,429
910,408,1099,408,1099,444,910,444
1038,37,1207,37,1207,70,1038,70
867,9,1063,9,1063,47,867,47
661,591,876,591,876,629,661,629
821,334,1031,334,1031,374,821,374
4,385,236,385,236,426,4,426
929,765,1166,765,1166,817,929,817
462,216,646,216,646,251,462,251
738,858,973,858,973,894,738,894
819,864,1049,864,1049,900,819,900
1680,532,1924,532,1924,573,1680,573
697,971,933,971,933,1014,697,1014
775,567,974,567,974,601,775,601
724,691,936,691,936,727,724,727
870,608,1100,608,1100,656,870,656
964,708,1198,708,1198,753,964,753
817,234,1024,234,1024,274,817,274
1272,445,1494,445,1494,493,1272,493
813,373,1007,373,1007,409,813,409
871,231,1076,231,1076,269,871,269
1092,558,1325,558,1325,603,1092,603
869,514,1089,514,1089,556,869,556
797,473,1019,473,1019,520,797,520
642,398,860,398,860,437,642,437
757,386,947,386,947,420,757,420
529,546,729,546,729,584,529,584
585,237,702,237,702,253,585,253
891,237,1068,237,1068,273,891,273
951,915,1200,915,1200,967,951,967
707,162,886,162,886,198,707,198
568,1027,801,1027,801,1069,568,1069
836,792,1078,792,1078,842,836,842
1000,712,1234,712,1234,748,1000,748
642,290,853,290,853,329,642,329
878,140,1054,140,1054,171,878,171
678,981,911,981,911,1027,678,1027
780,615,985,615,985,653,780,653
616,781,836,781,836,823,616,823
1102,659,1339,659,1339,707,1102,707
770,74,967,74,967,116,770,116
1140,266,1322,266,1322,305,1140,305
680,507,906,507,906,551,680,551
959,180,1134,180,1134,213,959,213
623,350,839,350,839,391,623,391
864,991,1095,991,1095,1034,864,1034
1061,188,1238,188,1238,223,1061,223
749,798,979,798,979,837,749,837
779,649,989,649,989,691,779,691
817,305,1000,305,1000,339,817,339
428,149,614,149,614,188,428,188
759,747,998,747,998,790,759,790
1059,638,1290,638,1290,681,1059,681
772,433,966,433,966,466,772,466
646,146,844,146,844,189,646,189
869,642,1074,642,1074,679,869,679
685,332,911,332,911,374,685,374
738,454,934,454,934,488,738,488
1031,699,1263,699,1263,741,1031,741
110,979,345,979,345,1023,110,1023
1071,664,1273,664,1273,703,1071,703
700,396,889,396,889,430,700,430
887,619,1097,619,1097,661,887,661
828,236,1006,236,1006,268,828,268
808,107,984,107,984,137,808,137
868,60,1036,60,1036,97,868,97
886,333,1074,333,1074,370,886,370
623,682,848,682,848,721,623,721
563,956,794,956,794,998,563,998
1271,1149,1517,1149,1517,1198,1271,1198
1044,78,1237,78,1237,119,1044,119
713,862,958,862,958,912,713,912
944,742,1164,742,1164,782,944,782
829,333,1020,333,1020,370,829,370
604,197,785,197,785,233,604,233
742,355,958,355,958,397,742,397
847,22,1016,22,1016,55,847,55
570,853,792,853,792,895,570,895
795,612,1007,612,1007,653,795,653
858,660,1074,660,1074,701,858,701
834,587,1038,587,1038,626,834,626
723,1112,951,1112,951,1161,723,1161
711,403,937,403,937,446,711,446
553,408,773,408,773,453,553,453
1034,696,1249,696,1249,733,1034,733
711,147,887,147,887,185,711,185
937,681,1171,681,1171,725,937,725
728,673,944,673,944,712,728,712
800,166,978,166,978,204,800,204
879,127,1053,127,1053,160,879,160
829,922,1055,922,1055,964,829,964
826,506,1024,506,1024,540,826,540
935,506,1160,506,1160,551,935,551
981,605,1184,605,1184,642,981,642
809,158,987,158,987,191,809,191
500,711,715,711,715,750,500,750
623,1048,858,1048,858,1090,623,1090
737,168,916,168,916,204,737,204
657,883,882,883,882,925,657,925
804,42,977,42,977,77,804,77
771,175,984,175,984,219,771,219
807,386,997,386,997,423,807,423
891,342,1102,342,1102,384,891,384
635,123,847,123,847,163,635,163
891,138,962,138,962,153,891,153
911,441,1129,441,1129,483,911,483
1054,639,1285,639,1285,684,1054,684
828,389,1018,389,1018,424,828,424
865,119,1034,119,1034,157,865,157
798,200,1006,200,1006,240,798,240
929,745,1142,745,1142,786,929,786
955,25,1147,25,1147,67,955,67
1283,106,1486,106,1486,147,1283,147
914,184,1092,184,1092,218,914,218
444,655,694,655,694,705,444,705
1097,676,1334,676,1334,722,1097,722
700,481,922,481,922,522,700,522
618,1005,875,1005,875,1054,618,1054
679,264,865,264,865,310,679,310
697,663,913,663,913,704,697,704
899,746,1135,746,1135,794,899,794
802,234,976,234,976,266,802,266
938,162,1136,162,1136,201,938,201
868,244,1050,244,1050,278,868,278
825,1313,1104,1313,1104,1364,825,1364
878,795,1096,795,1096,837,878,837
565,1248,853,1248,853,1305,565,1305
628,340,840,340,840,383,628,383
725,256,913,256,913,298,725,298
974,738,1198,738,1198,781,974,781
824,5,1003,5,1003,38,824,38
850,92,1021,92,1021,125,850,125
619,276,808,276,808,310,619,310
727,644,922,644,922,680,727,680
951,665,1188,665,1188,710,951,710
638,224,839,224,839,265,638,265
998,623,1225,623,1225,669,998,669
842,198,1023,198,1023,231,842,231
959,119,1136,119,1136,157,959,157
756,468,965,468,965,512,756,512
652,766,877,766,877,807,652,807
757,973,1002,973,1002,1014,757,1014
401,1238,621,1238,621,1290,401,1290
790,770,1004,770,1004,807,790,807
793,403,1003,403,1003,444,793,444
934,233,1114,233,1114,263,934,263
782,681,1012,681,1012,726,782,726
800,203,979,203,979,236,800,236
629,755,735,755,735,807,629,807
509,603,637,603,637,625,509,625
740,715,837,715,837,724,740,724
859,536,1060,536,1060,572,859,572
1038,570,1271,570,1271,613,1038,613
745,203,924,203,924,236,745,236
413,639,626,639,626,682,413,682
136,564,346,564,346,605,136,605
1082,683,1317,683,1317,723,1082,723
548,18,727,18,727,53,548,53
865,585,1070,585,1070,621,865,621
494,1031,754,1031,754,1084,494,1084
916,434,1109,434,1109,468,916,468
339,928,570,928,570,976,339,976
950,5,1137,5,1137,39,950,39
461,757,683,757,683,802,461,802
357,371,451,371,451,393,357,393
920,383,1110,383,1110,421,920,421
785,11,983,11,983,53,785,53
821,315,1034,315,1034,359,821,359
1022,653,1254,653,1254,700,1022,700
706,723,925,723,925,765,706,765
643,440,849,440,849,481,643,481
758,162,938,162,938,195,758,195
746,874,990,874,990,920,746,920
808,88,972,88,972,119,808,119
828,74,1004,74,1004,106,828,106
756,1138,1003,1138,1003,1182,756,1182
872,646,1076,646,1076,681,872,681
777,532,980,532,980,570,777,570
600,436,818,436,818,476,600,476
781,366,1006,366,1006,411,781,411
802,194,984,194,984,228,802,228
990,266,1174,266,1174,304,990,304
666,1160,929,1160,929,1203,666,1203
705,176,907,176,907,217,705,217
786,149,988,149,988,190,786,190
760,223,944,223,944,257,760,257
728,460,955,460,955,498,728,498
899,369,1086,369,1086,404,899,404
624,556,849,556,849,603,624,603
666,135,852,135,852,156,666,156
878,234,1061,234,1061,268,878,268
1136,77,1331,77,1331,119,1136,119
745,456,969,456,969,498,745,498
788,158,968,158,968,192,788,192
625,483,847,483,847,522,625,522
573,315,714,315,714,341,573,341
831,351,1017,351,1017,386,831,386
818,349,1032,349,1032,390,818,390
861,83,1030,83,1030,114,861,114
452,459,651,459,651,499,452,499
759,866,1018,866,1018,921,759,921
642,490,839,490,839,525,642,525
625,587,833,587,833,624,625,624
658,324,842,324,842,356,658,356
948,481,1139,481,1139,515,948,515
943,76,1085,76,1085,108,943,108
842,331,1026,331,1026,365,842,365
968,145,1166,145,1166,187,968,187
799,193,1002,193,1002,231,799,231
810,493,1011,493,1011,527,810,527
889,762,1134,762,1134,813,889,813
779,544,980,544,980,581,779,581
302,665,515,665,515,708,302,708
1293,807,1543,807,1543,858,1293,858
733,701,942,701,942,741,733,741
637,477,859,477,859,518,637,518
695,798,914,798,914,840,695,840
779,854,999,854,999,889,779,889
706,197,912,197,912,238,706,238
1195,620,1434,620,1434,666,1195,666
545,479,741,479,741,513,545,513
836,253,1044,253,1044,293,836,293
745,32,918,32,918,63,745,63
857,89,1031,89,1031,122,857,122
735,705,943,705,943,742,735,742
923,728,1136,728,1136,767,923,767
754,798,973,798,973,841,754,841
805,606,1037,606,1037,652,805,652
812,376,1020,376,1020,416,812,416
1395,516,1629,516,1629,561,1395,561
1137,603,1214,603,1214,653,1137,653
841,831,1058,831,1058,869,841,869
212,757,452,757,452,797,212,797
780,1255,1010,1255,1010,1304,780,1304
889,425,1079,425,1079,462,889,462
849,96,1051,96,1051,135,849,135
933,605,1137,605,1137,643,933,643
773,272,983,272,983,316,773,316
867,738,1106,738,1106,780,867,780
1006,863,1242,863,1242,914,1006,914
1089,807,1334,807,1334,851,1089,851
34,655,259,655,259,694,34,694
748,681,984,681,984,726,748,726
684,453,882,453,882,489,684,489
903,758,1141,758,1141,807,903,807
1279,182,1479,182,1479,248,1279,248
809,861,1047,861,1047,906,809,906
719,673,935,673,935,716,719,716
725,68,937,68,937,102,725,102
892,717,1090,717,1090,764,892,764
479,220,668,220,668,253,479,253
893,936,1162,936,1162,983,893,983
1033,97,1199,97,1199,130,1033,130
501,760,718,760,718,804,501,804
788,416,1009,416,1009,455,788,455
724,506,921,506,921,543,724,543
343,359,540,359,540,396,343,396
965,35,1129,35,1129,68,965,68
619,553,848,553,848,599,619,599
961,442,1183,442,1183,489,961,489
967,372,1159,372,1159,411,967,411
703,354,896,354,896,391,703,391
972,698,1183,698,1183,738,972,738
609,805,856,805,856,855,609,855
781,840,1002,840,1002,881,781,881
857,211,1059,211,1059,252,857,252
861,-3,1030,-3,1030,43,861,43
751,642,984,642,984,686,751,686
836,801,1075,801,1075,850,836,850
853,460,1037,460,1037,501,853,501
751,382,944,382,944,419,751,419
500,883,726,883,726,927,500,927
504,189,686,189,686,223,504,223
858,244,1064,244,1064,284,858,284
870,109,1035,109,1035,138,870,138
922,523,1146,523,1146,568,922,568
223,1004,421,1004,421,1051,223,1051
1260,775,1488,775,1488,861,1260,861
647,334,860,334,860,376,647,376
53,582,271,582,271,620,53,620
831,592,1035,592,1035,627,831,627
809,221,1014,221,1014,260,809,260
554,387,751,387,751,423,554,423
588,810,811,810,811,849,588,849
970,392,1161,392,1161,427,970,427
991,112,1182,112,1182,155,991,155
919,774,1153,774,1153,811,919,811
708,971,951,971,951,1015,708,1015
730,190,908,190,908,226,730,226
609,296,786,296,786,330,609,330
809,774,1027,774,1027,812,809,812
824,58,996,58,996,97,824,97
695,679,907,679,907,719,695,719
653,762,895,762,895,808,653,808
811,214,998,214,998,248,811,248
820,566,1045,566,1045,608,820,608
987,804,1225,804,1225,853,987,853
1038,345,1227,345,1227,411,1038,411
857,169,1033,169,1033,199,857,199
1464,647,1703,647,1703,698,1464,698
768,299,951,299,951,333,768,333
835,645,1069,645,1069,692,835,692
712,485,909,485,909,519,712,519
530,812,721,812,721,853,530,853
833,580,1038,580,1038,619,833,619
493,1133,739,1133,739,1178,493,1178
827,339,1043,339,1043,383,827,383
1104,86,1303,86,1303,128,1104,128
925,649,1158,649,1158,693,925,693
382,427,584,427,584,490,382,490
878,297,1060,297,1060,331,878,331
829,575,1055,575,1055,612,829,612
812,708,1046,708,1046,752,812,752
1197,587,1435,587,1435,631,1197,631
756,459,946,459,946,497,756,497
824,275,1004,275,1004,307,824,307
769,549,988,549,988,592,769,592
918,516,1123,516,1123,552,918,552
849,503,1045,503,1045,539,849,539
803,817,1048,817,1048,864,803,864
753,445,976,445,976,486,753,486
608,783,825,783,825,821,608,821
766,298,990,298,990,339,766,339
863,784,1081,784,1081,825,863,825
800,556,1025,556,1025,600,800,600
768,312,991,312,991,353,768,353
880,803,1097,803,1097,843,880,843
516,552,747,552,747,596,516,596
621,267,805,267,805,304,621,304
433,453,635,453,635,491,433,491
1601,737,1858,737,1858,786,1601,786
914,206,1093,206,1093,238,914,238
716,407,906,407,906,442,716,442
768,1114,1030,1114,1030,1163,768,1163
785,732,998,732,998,771,785,771
724,642,956,642,956,688,724,688
647,822,907,822,907,872,647,872
785,565,983,565,983,598,785,598
589,738,804,738,804,777,589,777
923,119,1122,119,1122,163,923,163
782,442,975,442,975,479,782,479
1398,715,1617,715,1617,759,1398,759
886,579,1117,579,1117,625,886,625
809,621,1040,621,1040,669,809,669
762,168,942,168,942,200,762,200
843,723,1049,723,1049,767,843,767
620,816,866,816,866,862,620,862
299,272,489,272,489,307,299,307
539,539,764,539,764,583,539,583
1034,836,1270,836,1270,878,1034,878
712,305,895,305,895,338,712,338
773,365,959,365,959,401,773,401
1125,711,1367,711,1367,756,1125,756
1572,670,1821,670,1821,712,1572,712
1027,652,1260,652,1260,699,1027,699
1414,683,1667,683,1667,727,1414,727
596,713,810,713,810,752,596,752
759,344,945,344,945,378,759,378
825,759,1077,759,1077,814,825,814
987,332,1203,332,1203,376,987,376
753,207,959,207,959,252,753,252
982,1051,1234,1051,1234,1095,982,1095
1511,700,1732,700,1732,742,1511,742
793,70,987,70,987,110,793,110
862,673,1095,673,1095,720,862,720
992,428,1079,428,1079,443,992,443
605,1023,840,1023,840,1070,605,1070
838,279,1019,279,1019,313,838,313
736,749,954,749,954,788,736,788
834,529,1040,529,1040,565,834,565
845,739,1081,739,1081,786,845,786
516,75,690,75,690,109,516,109
1139,752,1385,752,1385,799,1139,799
217,473,424,473,424,508,217,508
645,725,870,725,870,763,645,763
266,172,422,172,422,296,266,296
688,1028,966,1028,966,1081,688,1081
726,820,952,820,952,861,726,861
728,261,909,261,909,295,728,295
524,452,722,452,722,488,524,488
756,4,930,4,930,42,756,42
809,846,1052,846,1052,896,809,896
1224,677,1464,677,1464,722,1224,722
702,922,937,922,937,961,702,961
1237,1078,1509,1078,1509,1127,1237,1127
605,671,819,671,819,713,605,713
625,262,814,262,814,297,625,297
211,280,407,280,407,316,211,316
732,910,951,910,951,945,732,945
980,653,1212,653,1212,704,980,704
927,645,1162,645,1162,691,927,691
842,186,1020,186,1020,221,842,221
945,643,1179,643,1179,687,945,687
334,332,531,332,531,369,334,369
410,90,560,90,560,129,410,129
813,666,1046,666,1046,702,813,702
758,707,995,707,995,749,758,749
794,920,1020,920,1020,963,794,963
824,879,1064,879,1064,931,824,931
777,685,987,685,987,725,777,725
1279,740,1481,740,1481,785,1279,785
948,814,1167,814,1167,855,948,855
707,676,918,676,918,720,707,720
660,589,893,589,893,634,660,634
712,701,926,701,926,739,712,739
825,779,1062,779,1062,818,825,818
69,484,282,484,282,525,69,525
908,607,1138,607,1138,657,908,657
212,581,425,581,425,624,212,624
481,857,707,857,707,897,481,897
953,222,1137,222,1137,254,953,254
729,205,908,205,908,240,729,240
940,817,1186,817,1186,861,940,861
909,531,1133,531,1133,575,909,575
850,126,1025,126,1025,159,850,159
1092,87,1289,87,1289,128,1092,128
886,701,1124,701,1124,745,886,745
603,745,819,745,819,784,603,784
1010,155,1209,155,1209,199,1010,199
770,581,974,581,974,620,770,620
915,524,1139,524,1139,567,915,567
978,715,1217,715,1217,761,978,761
685,71,854,71,854,105,685,105
717,407,915,407,915,442,717,442
732,564,953,564,953,606,732,606
778,695,1010,695,1010,735,778,735
867,978,1118,978,1118,1025,867,1025
725,911,955,911,955,956,725,956
917,779,1140,779,1140,826,917,826
742,140,945,140,945,181,742,181
1152,450,1346,450,1346,489,1152,489
763,431,994,431,994,475,763,475
883,543,1089,543,1089,581,883,581
899,299,1083,299,1083,333,899,333
910,780,1154,780,1154,829,910,829
894,249,1079,249,1079,283,894,283
661,592,892,592,892,643,661,643
679,919,908,919,908,960,679,960
900,721,1141,721,1141,766,900,766
822,383,1038,383,1038,422,822,422
775,304,966,304,966,341,775,341
774,571,983,571,983,606,774,606
1670,617,1919,617,1919,667,1670,667
788,1010,1022,1010,1022,1054,788,1054
854,745,1068,745,1068,782,854,782
832,896,1062,896,1062,938,832,938
874,661,1110,661,1110,704,874,704
966,146,1151,146,1151,184,966,184
822,946,1048,946,1048,998,822,998