6 64
1 99
12 73
18 65
3 86
14 81
13 88
20 65
2 69
9 61
5 80
16 100
4 85
7 67
15 86
19 93
8 95
11 60
17 91
10 85
6 71
14 93
13 87
9 72
19 82
3 90
8 83
2 87
15 64
5 99
17 100
10 62
18 100
7 77
11 95
16 85
1 85
12 105
20 96
4 71
15 82
19 67
14 71
11 103
3 99
1 75
4 88
2 74
17 76
16 95
9 99
5 87
12 104
13 79
10 94
8 84
6 70
20 91
7 81
18 66
15 97
20 102
11 72
16 64
18 70
17 74
9 76
14 71
13 100
2 91
4 63
8 68
10 82
1 60
7 93
6 75
12 102
3 68
19 68
5 63
1 65
20 91
2 85
6 61
19 84
5 85
8 84
16 101
11 103
13 60
3 68
18 65
15 84
10 87
9 65
14 95
7 95
4 85
12 75
17 66
8 86
15 85
11 96
18 64
9 82
17 75
7 90
16 61
20 62
19 78
13 96
6 92
10 86
2 100
5 81
1 103
4 69
12 79
3 91
14 99
4 68
9 91
2 90
12 96
5 85
15 96
11 69
19 71
13 78
20 88
16 104
18 103
3 103
10 104
8 83
1 102
17 105
7 87
14 87
6 65